SY9,SY13,SY201,SY101,SY102,SY116,SYX211
1.000000000000000000e+00,7.707977754625328082e-01,9.271579938940407439e-01,7.735726300669050204e-01,2.201151201996361384e-01,2.130191596240835483e-01,2.022786855673293083e-01
7.707977754625328082e-01,1.000000000000000000e+00,4.880756983110691727e-01,6.648726657659300709e-01,3.249971454254305114e-01,3.678794411714423340e-01,6.720409951527864800e-01
9.271579938940407439e-01,4.880756983110691727e-01,1.000000000000000000e+00,7.279203048609570459e-01,6.070457922001017970e-01,1.810203963749076328e-01,4.762618653389918966e-02
7.735726300669050204e-01,6.648726657659300709e-01,7.279203048609570459e-01,1.000000000000000000e+00,6.570112615938715761e-01,7.998038904032366281e-01,1.548171436474118923e-01
2.201151201996361384e-01,3.249971454254305114e-01,6.070457922001017970e-01,6.570112615938715761e-01,1.000000000000000000e+00,2.563102263448059914e-01,1.153095717055405839e-02
2.130191596240835483e-01,3.678794411714423340e-01,1.810203963749076328e-01,7.998038904032366281e-01,2.563102263448059914e-01,1.000000000000000000e+00,2.099044493096879904e-01
2.022786855673293083e-01,6.720409951527864800e-01,4.762618653389918966e-02,1.548171436474118923e-01,1.153095717055405839e-02,2.099044493096879904e-01,1.000000000000000000e+00
